PLATE8Q
   21    1    1    1
    1    1    1    1     -10.0     -10.0       0.0    0 
    2    0    0    0       0.0     -10.0       0.0    0    
    3    0    0    0       0.0       0.0       0.0    0
    4    1    1    1     -10.0       0.0       0.0    0
    5    0    0    0      -5.0     -10.0       0.0    0
    6    0    0    0       0.0      -5.0       0.0    0
    7    0    0    0      -5.0       0.0       0.0    0
    8    1    1    1     -10.0      -5.0       0.0    0
    9    0    0    0      10.0     -10.0       0.0    0 
   10    0    0    0      10.0       0.0       0.0    0    
   11    0    0    0       5.0     -10.0       0.0    0
   12    0    0    0      10.0      -5.0       0.0    0
   13    0    0    0       5.0       0.0       0.0    0
   14    0    0    0      10.0      10.0       0.0    0
   15    0    0    0       0.0      10.0       0.0    0
   16    0    0    0      10.0       5.0       0.0    0
   17    0    0    0       5.0      10.0       0.0    0 
   18    0    0    0       0.0       5.0       0.0    0    
   19    1    1    1     -10.0      10.0       0.0    0
   20    0    0    0      -5.0      10.0       0.0    0
   21    1    1    1     -10.0       5.0       0.0    0
    1    2 
    9    1     2.0E1
   14    1     2.0E1
    8    4    1
    1      1E10       0.3
    1    1    2    3    4    5    6    7    8    1    2.0E0    0
    2    2    9   10    3   11   12   13    6    1    2.0E0    0
    3    3   10   14   15   13   16   17   18    1    2.0E0    0
    4    4    3   15   19    7   18   20   21    1    2.0E0    0
stop
