PLATE8Q
    8    1    1    1
    1    1    1    1      -1.0      -1.0       0.0    0 
    2    0    0    1       1.0      -1.0       0.0    0    
    3    0    0    1       1.0       1.0       0.0    0
    4    1    1    1      -1.0       1.0       0.0    0
    5    0    0    1       0.0      -1.0       0.0    0
    6    0    0    1       1.0       0.0       0.0    0
    7    0    0    1       0.0       1.0       0.0    0
    8    1    1    1      -1.0       0.0       0.0    0
    1    3 
    2    2     2.0E1
    3    2     4.0E1
    6    2     2.0E1
    8    1    1
    1      1E10       0.0
    1    1    2    3    4    5    6    7    8    1   2.0E-1    0
stop
