Homework 3 
   12    1    2    1
    1    1    1    1    1    1    1       0.0       0.0       0.0    0
    2    0    1    0    1    1    1       0.0       0.0       4.0    0
    3    0    1    0    1    1    1       3.0       0.0       0.0    0
    4    0    1    0    1    1    1       3.0       0.0       4.0    0
    5    0    1    0    1    1    1       6.0       0.0       0.0    0
    6    0    1    0    1    1    1       6.0       0.0       4.0    0
    7    0    1    0    1    1    1       9.0       0.0       0.0    0
    8    0    1    0    1    1    1       9.0       0.0       4.0    0
    9    0    1    0    1    1    1      12.0       0.0       0.0    0
   10    0    1    0    1    1    1      12.0       0.0       4.0    0
   11    1    1    1    1    1    1      15.0       0.0       0.0    0
   12    0    1    0    1    1    1      15.0       0.0       4.0    0
    1    1
    5    3    -7.0E3
    2    3
    5    3    -7.0E3
    6    3     6.0E3
    4    1     8.0E3
    1   22    1
    1    1.5E11    1.0E-2      7000        10
    1    1    2    1    0
    2    1    3    1    0
    3    2    3    1    0
    4    2    4    1    0
    5    3    4    1    0
    6    3    5    1    0
    7    4    5    1    0
    8    4    6    1    0
    9    5    6    1    0
   10    5    7    1    0
   11    6    7    1    0
   12    6    8    1    0
   13    5    8    1    0
   14    7    8    1    0
   15    7    9    1    0
   16    7   10    1    0
   17    8   10    1    0
   18    9   10    1    0
   19    9   11    1    0
   20    9   12    1    0
   21   10   12    1    0
   22   11   12    1    0    
stop
