a test to STAP90
0010
         8         1         1         1
         1         1         1         1         1         1         1       0.0       0.0       0.0         0
         2         0         1         1         1         1         1       1.0       0.0       0.0         0
         3         1         0         1         1         1         1       0.0       1.0       0.0         0
         4         0         0         0         1         1         1       0.0       0.0       1.0         0
         5         0         0         1         1         1         1       1.0       1.0       0.0         0
         6         0         0         0         1         1         1       1.0       0.0       1.0         0
         7         0         0         0         1         1         1       0.0       1.0       1.0         0
         8         0         0         0         1         1         1       1.0       1.0       1.0         0
         1        19
         6         3       1.2
         8         3       1.2
         4         3       1.2
         7         3       1.2
         5         1       0.8
         2         1       0.8
         8         1       0.8
         6         1       0.8
         5         2       1.0
         3         2       1.0
         7         2       1.0
         8         2       1.0
         5         3      -1.2
         3         2      -1.0
         6         2      -1.0
         4         2      -1.0
         1         1      -0.8
         4         1      -0.8
         7         1      -0.8
        13         5         1
         1      1000      0.25     4000.
         1         1         5         6         2         1         0
         2         1         5         7         6         1         0    
         3         1         5         3         7         1         0
         4         1         6         7         4         1         0
         5         5         7         6         8         1         0
stop
