SHELL8Q
    8    1    1    1
    1    1    1    1    1    1    1        0.0       0.0       0.0    0 
    2    0    0    1    1    1    1       20.0       0.0       0.0    0    
    3    0    0    1    1    1    1       20.0      30.0       0.0    0
    4    1    1    1    1    1    1        0.0      30.0       0.0    0
    5    0    0    1    1    1    1       10.0       0.0       0.0    0
    6    0    0    0    1    1    1       20.0      10.0       0.0    0
    7    0    0    1    1    1    1       10.0      30.0       0.0    0
    8    1    1    1    1    1    1        0.0      10.0       0.0    0
    1    6 
    2    1     1.0E1
    3    1     1.0E1
    6    1     1.0E1
    2    4     1.0E1
    3    4     1.0E1
    6    4     1.0E1
    9    1    1
    1      1E10       0.3
    1    1    2    3    4    5    6    7    8    1     2.000    0
stop
