PLATE
   25    1    1    1
    1    1    1    1    1    1    1     -10.0     -10.0       0.0    0 
    2    1    1    0    0    0    1      -5.0     -10.0       0.0    0    
    3    1    1    0    0    0    1       0.0     -10.0       0.0    0
    4    1    1    0    0    0    1       5.0     -10.0       0.0    0
    5    1    1    0    0    0    1      10.0     -10.0       0.0    0
    6    1    1    0    0    0    1      10.0      -5.0       0.0    0
    7    1    1    0    0    0    1       5.0      -5.0       0.0    0
    8    1    1    0    0    0    1       0.0      -5.0       0.0    0
    9    1    1    0    0    0    1      -5.0      -5.0       0.0    0 
   10    1    1    1    1    1    1     -10.0      -5.0       0.0    0    
   11    1    1    1    1    1    1     -10.0       0.0       0.0    0
   12    1    1    0    0    0    1      -5.0       0.0       0.0    0
   13    1    1    0    0    0    1       0.0       0.0       0.0    0
   14    1    1    0    0    0    1       5.0       0.0       0.0    0
   15    1    1    0    0    0    1      10.0       0.0       0.0    0
   16    1    1    0    0    0    1      10.0       5.0       0.0    0
   17    1    1    0    0    0    1       5.0       5.0       0.0    0 
   18    1    1    0    0    0    1       0.0       5.0       0.0    0    
   19    1    1    0    0    0    1      -5.0       5.0       0.0    0
   20    1    1    1    1    1    1     -10.0       5.0       0.0    0
   21    1    1    1    1    1    1     -10.0      10.0       0.0    0
   22    1    1    0    0    0    1      -5.0      10.0       0.0    0
   23    1    1    0    0    0    1       0.0      10.0       0.0    0
   24    1    1    0    0    0    1       5.0      10.0       0.0    0
   25    1    1    0    0    0    1      10.0      10.0       0.0    0
    1    2 
    5    1     2.0E1
   25    1     2.0E1
    6   16    1
    1      1E10       0.3
    1    1    2    9   10    1    2.0E0    0
    2    2    3    8    9    1    2.0E0    0
    3    3    4    7    8    1    2.0E0    0
    4    4    5    6    7    1    2.0E0    0
    5   10    9   12   11    1    2.0E0    0
    6    9    8   13   12    1    2.0E0    0
    7    8    7   14   13    1    2.0E0    0
    8    7    6   15   14    1    2.0E0    0
    9   11   12   19   20    1    2.0E0    0
   10   12   13   18   19    1    2.0E0    0
   11   13   14   17   18    1    2.0E0    0
   12   14   15   16   17    1    2.0E0    0
   13   20   19   22   21    1    2.0E0    0
   14   19   18   23   22    1    2.0E0    0
   15   18   17   24   23    1    2.0E0    0
   16   17   16   25   24    1    2.0E0    0
stop

