Bridge test
   18    2    1    1
    1    1    1    1    1    1    1       0.0       0.0       0.0     0
    2    1    1    1    1    1    1       1.0       0.0       0.0     0
    3    1    1    1    1    1    1       1.0       1.0       0.0     0
    4    1    1    1    1    1    1       0.0       1.0       0.0     0
    5    0    0    0    1    1    1       0.0       0.0       1.0     0
    6    0    0    0    1    1    1       1.0       0.0       1.0     0
    7    0    0    0    0    0    1       1.0       1.0       1.0     0
    8    0    0    0    0    0    1       0.0       1.0       1.0     0
    9    1    1    1    1    1    1       0.0       3.0       0.0     0
   10    1    1    1    1    1    1       1.0       3.0       0.0     0
   11    1    1    1    1    1    1       1.0       4.0       0.0     0
   12    1    1    1    1    1    1       0.0       4.0       0.0     0
   13    0    0    0    0    0    1       0.0       3.0       1.0     0
   14    0    0    0    0    0    1       1.0       3.0       1.0     0
   15    0    0    0    1    1    1       1.0       4.0       1.0     0
   16    0    0    0    1    1    1       0.0       4.0       1.0     0
   17    0    0    0    0    0    1       1.0       2.0       1.0     0
   18    0    0    0    0    0    1       0.0       2.0       1.0     0
    1    2 
   17    3     2.0E1
   18    3     2.0E1
    7    2    1
    1      1E10       0.3
    1    7   17   18    8    1    2.0E0    0
    2   17   14   13   18    1    2.0E0    0
    4    2    1    0    8    8
    1    1.0E10      0.25
    1    1    2    3    4    5    6    7    8    1    0
    2    9   10   11   12   13   14   15   16    1    0
    4
    8
    1    2    3    4    5    6    7    8
    8
    9   10   11   12   13   14   15   16
    4
    7   17   18    8
    4
   17   14   13   18
stop

