Bridge test
    8    1    1    1
    1    1    1    1    1    1    1       0.0       0.0       0.0     0
    2    1    1    1    1    1    1       1.0       0.0       0.0     0
    3    1    1    1    1    1    1       1.0       1.0       0.0     0
    4    1    1    1    1    1    1       0.0       1.0       0.0     0
    5    0    0    0    1    1    1       0.0       0.0       1.0     0
    6    0    0    0    1    1    1       1.0       0.0       1.0     0
    7    0    0    0    1    1    1       1.0       1.0       1.0     0
    8    0    0    0    1    1    1       0.0       1.0       1.0     0
    1    2 
    5    3     2.0E1
    7    3     2.0E1
    4    1    1    0    8    8
    1    1.0E10      0.25
    1    1    2    3    4    5    6    7    8    1    0
stop


