SHELL
    6    1    1    1
    1    1    1    1    1    1    1   -1000.0       0.0       0.0    0 
    2    1    1    1    1    1    1       0.0       0.0       0.0    0    
    3    0    0    0    0    0    1       0.0    1000.0       0.0    0
    4    0    0    0    0    0    1   -1000.0    1000.0       0.0    0
    5    1    1    1    1    1    1    1000.0       0.0       0.0    0 
    6    0    0    0    0    0    1    1000.0    1000.0       0.0    0    
    1    6 
    3    3     1.0E2
    4    3     1.0E2
    6    3     1.0E2 
    3    2     1.0E2
    4    2     1.0E2
    6    2     1.0E2 
    7    2    1
    1      1E10       0.3
    1    1    2    3    4    1     0.1E1    0
    2    2    5    6    3    1     0.1E1    0
stop
