Transition Element
0010
         5         1         1         1
         1         1         1         1         1         1         1       0.0       0.0       0.0    0
         2         0         1         1         1         1         1       1.0       0.0       0.0    0
         3         0         0         1         1         1         1       1.0       1.0       0.0    0
         4         0         0         1         1         1         1       0.0       1.0       0.0    0
         5         0         0         1         1         1         1       1.0       0.5       0.0    0
         1         2
         3         2       -10
         4         2       -10
        16         1         1
         1       3E7       0.3
         1         1         2         3         4         5         1    0