Transition Element + 9Q
0010
        11         2         1         1
         1         1         1         1         1         1         1       0.0       0.0       0.0    0
         2         0         0         1         1         1         1       2.0       0.0       0.0    0
         3         0         0         1         1         1         1       4.0       0.0       0.0    0
         4         0         0         1         1         1         1       4.0       2.0       0.0    0
         5         0         0         1         1         1         1       2.0       2.0       0.0    0
         6         1         0         1         1         1         1       0.0       2.0       0.0    0
         7         0         0         1         1         1         1       3.0       0.0       0.0    0
         8         0         0         1         1         1         1       4.0       1.0       0.0    0
         9         0         0         1         1         1         1       3.0       2.0       0.0    0
        10         0         0         1         1         1         1       2.0       1.0       0.0    0
        11         0         0         1         1         1         1       3.0       1.0       0.0    0
         1         3
         3         1        10
         4         1        10
         8         1        40
        16         1         1
         1       3E7       0.3
         1         1         2         5         6        10         1    0
         3         1         1
         1       3E7       0.3
         1         2         3         4         5         7         8         9        10        11         1    0
         