PLATE
    9    1    1    1
    1    1    1    1        0.0      20.0       0.0    0 
    2    1    1    1        0.0      10.0       0.0    0    
    3    1    1    1        0.0       0.0       0.0    0
    4    0    0    0       10.0       0.0       0.0    0
    5    0    0    0       10.0      10.0       0.0    0
    6    0    0    0       10.0      20.0       0.0    0
    7    0    0    0       20.0      20.0       0.0    0
    8    0    0    0       20.0      10.0       0.0    0
    9    0    0    0       20.0       0.0       0.0    0
    1    2 
    7    1     1.0E1
    9    1     1.0E1
    6    4    1
    1      1E10       0.3
    1    1    2    5    6    1     2.0E0    0
    2    2    3    4    5    1     2.0E0    0
    3    4    5    8    9    1     2.0E0    0
    4    5    6    7    8    1     2.0E0    0
stop

