Cables to PATCH test STAP90 for 3T element
    5    1    1    1
    1    1    1    1       0.0       0.0       0.0    0
    2    0    1    1       2.0       0.0       0.0    0
    3    0    0    1       2.0       2.0       0.0    0
    4    0    0    1       0.0       2.0       0.0    0
    5    0    0    1       1.5       1.2       0.0    0
    1    2
    3    2     -20.0
    4    2     -20.0
    5    4    1
    1       3E7       0.3
    1    4    1    5    1   0
    2    1    2    5    1   0
    3    2    3    5    1   0
    4    4    5    3    1   0