Cables to test STAP90 for 4Q element
   25    1    1    1
    1    1    1    1       0.0       0.0       0.0    0
    2    0    0    1       0.5     0.125       0.0    0
    3    0    0    1       1.0      0.25       0.0    0
    4    0    0    1       1.5     0.375       0.0    0
    5    0    0    1       2.0       0.5       0.0    0
    6    1    1    1       0.0      0.25       0.0    0
    7    0    0    1       0.5   0.34375       0.0    0
    8    0    0    1       1.0    0.4375       0.0    0
    9    0    0    1       1.5   0.53125       0.0    0
   10    0    0    1       2.0     0.625       0.0    0
   11    1    1    1       0.0       0.5       0.0    0
   12    0    0    1       0.5    0.5625       0.0    0
   13    0    0    1       1.0     0.625       0.0    0
   14    0    0    1       1.5    0.6875       0.0    0
   15    0    0    1       2.0      0.75       0.0    0
   16    1    1    1       0.0      0.75       0.0    0
   17    0    0    1       0.5   0.78125       0.0    0
   18    0    0    1       1.0    0.8125       0.0    0
   19    0    0    1       1.5   0.84375       0.0    0
   20    0    0    1       2.0     0.875       0.0    0
   21    1    1    1       0.0       1.0       0.0    0
   22    0    0    1       0.5       1.0       0.0    0
   23    0    0    1       1.0       1.0       0.0    0
   24    0    0    1       1.5       1.0       0.0    0
   25    0    0    1       2.0       1.0       0.0    0
    1    5
   21    2      -5.0
   22    2     -10.0
   23    2     -10.0
   24    2     -10.0
   25    2      -5.0
    2   16    1
    1       3E7       0.3
    1    1    2    7    6    1    0
    2    2    3    8    7    1    0
    3    3    4    9    8    1    0
    4    4    5   10    9    1    0
    5    6    7   12   11    1    0
    6    7    8   13   12    1    0
    7    8    9   14   13    1    0
    8    9   10   15   14    1    0
    9   11   12   17   16    1    0
   10   12   13   18   17    1    0
   11   13   14   19   18    1    0
   12   14   15   20   19    1    0
   13   16   17   22   21    1    0
   14   17   18   23   22    1    0
   15   18   19   24   23    1    0
   16   19   20   25   24    1    0   